
state={
	id=97
	name="STATE_97"
	resources={
		tungsten=1.000
	}

	history={
		owner = CHI
		victory_points = {
			6947 10 
		}
		buildings = {
			infrastructure = 7
			industrial_complex = 2
			arms_factory = 1
			dockyard = 1
			9835 = {
				naval_base = 6
			}
			air_base = 6

		}
		add_core_of = X33
		add_claim_by = CHI
		add_claim_by = X41
		add_claim_by = X55
	}

	provinces={
		783 800 836 846 861 887 892 916 927 930 944 945 946 964 973 987 1150 1502 1545 1567 1571 1588 1645 3783 3791 3815 3839 3849 3888 3895 3913 3929 3932 3934 3944 3947 3949 3970 4503 4506 4551 4572 4592 4642 4649 4876 5427 6804 6806 6811 6837 6851 6860 6863 6868 6893 6905 6910 6918 6947 6951 6964 6981 7523 7526 7569 7582 7591 7613 7652 7663 7670 7767 7894 7897 9623 9759 9766 9781 9782 9788 9798 9803 9831 9835 9841 9848 9854 9866 9883 9885 9897 9913 9928 10215 10368 10376 10379 10433 10463 10503 10519 10521 10567 10638 11744 11764 11771 11781 11808 11815 11823 11836 11850 11862 11864 11886 11893 11906 12342 12355 12412 12443 12482 12485 12500 
	}
	manpower=8696644
	buildings_max_level_factor=1.000
	state_category=megalopolis
}
